topology: 7 3 5 2 4 3
in: 127.0 65.0 65.0 65.0 65.0 65.0 127.0
out: 1.0 0.0 0.0
in: 0.0 62.0 34.0 34.0 34.0 62.0 0.0
out: 1.0 0.0 0.0
in: 0.0 0.0 28.0 20.0 28.0 0.0 0.0
out: 1.0 0.0 0.0
in: 120.0 72.0 72.0 120.0 0.0 0.0 0.0
out: 1.0 0.0 0.0
in: 0.0 0.0 0.0 15.0 9.0 9.0 15.0
out: 1.0 0.0 0.0
in: 0.0 0.0 124.0 68.0 68.0 68.0 124.0
out: 1.0 0.0 0.0
in: 7.0 5.0 7.0 0.0 0.0 0.0 0.0
out: 1.0 0.0 0.0
in: 60.0 36.0 36.0 60.0 0.0 0.0 0.0
out: 1.0 0.0 0.0
in: 0.0 0.0 0.0 7.0 5.0 7.0 0.0
out: 1.0 0.0 0.0
in: 0.0 112.0 80.0 112.0 0.0 0.0 0.0
out: 1.0 0.0 0.0
in: 127.0 34.0 20.0 8.0 0.0 0.0 0.0
out: 0.0 1.0 0.0
in: 127.0 66.0 68.0 72.0 80.0 96.0 64.0
out: 0.0 1.0 0.0
in: 0.0 0.0 8.0 20.0 34.0 127.0 0.0
out: 0.0 1.0 0.0
in: 4.0 12.0 20.0 36.0 20.0 12.0 4.0
out: 0.0 1.0 0.0
in: 126.0 68.0 80.0 64.0 0.0 0.0 0.0
out: 0.0 1.0 0.0
in: 0.0 0.0 1.0 3.0 5.0 9.0 31.0
out: 0.0 1.0 0.0
in: 0.0 0.0 64.0 96.0 80.0 120.0 0.0
out: 0.0 1.0 0.0
in: 64.0 80.0 72.0 68.0 72.0 80.0 64.0
out: 0.0 1.0 0.0
in: 0.0 124.0 40.0 16.0 0.0 0.0 0.0
out: 0.0 1.0 0.0
in: 0.0 0.0 127.0 34.0 20.0 8.0 0.0
out: 0.0 1.0 0.0
in: 0.0 28.0 34.0 34.0 34.0 28.0 0.0
out: 0.0 0.0 1.0
in: 0.0 12.0 18.0 12.0 0.0 0.0 0.0
out: 0.0 0.0 1.0
in: 0.0 0.0 28.0 34.0 34.0 28.0 0.0
out: 0.0 0.0 1.0
in: 0.0 0.0 0.0 0.0 6.0 9.0 6.0
out: 0.0 0.0 1.0
in: 56.0 68.0 68.0 68.0 56.0 0.0 0.0
out: 0.0 0.0 1.0
in: 0.0 48.0 72.0 72.0 48.0 0.0 0.0
out: 0.0 0.0 1.0
in: 0.0 0.0 56.0 68.0 68.0 68.0 56.0
out: 0.0 0.0 1.0
in: 14.0 17.0 14.0 0.0 0.0 0.0 0.0
out: 0.0 0.0 1.0
in: 0.0 56.0 68.0 56.0 0.0 0.0 0.0
out: 0.0 0.0 1.0
in: 0.0 0.0 60.0 66.0 66.0 60.0 0.0
out: 0.0 0.0 1.0